124
128
123
140
142
166
159
144
173
175
182
185
185
197
180
184
204
199
207
215
254
216
225
221
223
224
212
229
219
218
206
225
197
206
202
221
197
188
175
188
176
194
173
158
147
166
131
142
136
137
104
114
92
93
95
89
92
75
67
66
51
46
55
55
65
49
46
26
22
30
15
27
34
24
35
24
8
26
6
20
40
37
52
38
57
59
48
60
46
69
73
87
75
89
77
88
98
88
101
127
111
111
125
149
136
148
160
175
165
182
185
187
181
216
185
199
194
196
211
203
217
229
196
213
218
204
212
215
223
209
223
217
206
208
190
197
178
194
197
180
174
174
170
162
152
129
139
129
132
123
115
99
122
98
92
79
73
94
74
73
68
46
65
40
60
39
40
39
26
47
21
46
9
13
16
24
8
26
41
27
28
23
26
33
54
43
47
55
51
43
54
65
73
94
75
69
103
92
116
99
126
137
113
131
139
143
153
166
157
175
184
182
196
180
210
203
211
215
207
195
210
222
213
228
210
218
217
218
224
220
229
209
213
205
223
209
190
187
193
185
163
192
161
160
155
161
138
141
127
116
141
117
115
95
109
81
109
80
82
75
54
80
64
58
54
31
49
36
32
31
45
32
35
32
25
40
25
1
24
21
10
28
51
26
48
41
41
50
76
49
63
44
53
76
96
86
111
102
113
117
134
134
138
147
156
151
139
158
179
158
179
190
178
209
197
217
196
222
200
211
211
199
194
215
214
218
220
229
219
220
201
208
218
209
210
171
196
189
177
207
177
165
167
162
159
153
145
142
135
128
126
134
93
108
111
101
82
68
82
56
70
63
49
49
47
48
38
46
39
35
30
25
18
25
48
26
34
21
29
33
20
32
36
30
30
35
54
42
74
52
74
51
78
74
74
90
108
95
106
133
124
126
142
164
143
170
146
170
171
166
160
186
191
199
195
197
194
213
200
213
201
208
203
205
209
226
210
208
206
204
192
229
205
209
214
179
207
203
180
176
172
182
161
162
153
154
147
129
142
124
129
108
97
95
79
109
104
97
84
70
62
71
43
40
39
53
45
39
30
47
23
28
12
31
25
27
47
9
0
32
26
26
27
31
41
39
53
42
37
72
63
69
74
76
82
81
98
108
97
107
121
128
121
142
163
150
152
166
168
174
181
182
176
195
203
194
205
212
229
210
207
198
219
223
206
212
210
200
217
213
212
210
210
210
213
214
195
174
196
162
172
172
154
168
152
155
154
138
121
135
117
117
109
107
97
95
93
77
70
85
61
56
74
40
58
27
32
39
31
38
22
39
30
12
25
21
26
27
46
23
40
33
38
39
28
45
35
46
48
52
58
77
74
68
83
89
107
90
126
108
115
150
128
148
140
163
154
162
174
166
189
181
199
186
209
182
204
201
207
212
215
197
206
226
194
217
231
220
194
208
217
224
219
206
188
191
194
200
185
186
193
154
161
167
174
142
141
136
135
124
128
107
95
101
89
91
100
69
68
90
56
58
49
53
45
35
48
34
24
39
25
49
25
28
16
31
31
25
9
33
27
50
48
52
36
35
41
50
63
61
67
73
88
77
96
90
96
104
113
128
127
123
126
133
139
155
135
145
188
168
184
180
174
191
195
203
196
199
208
213
204
217
222
221
205
205
210
218
204
203
220
213
201
212
212
201
207
177
192
175
182
161
166
160
165
152
154
145
145
128
114
107
115
108
106
76
81
76
80
50
56
61
57
62
46
56
32
31
41
37
27
18
32
22
46
14
30
28
34
30
46
45
35
31
54
33
41
59
49
77
57
42
48
78
101
96
111
108
95
110
118
125
128
127
155
149
160
180
146
169
181
190
191
183
190
203
214
201
220
206
215
209
192
219
214
229
204
208
199
233
203
215
208
209
191
204
195
199
188
187
199
165
171
174
154
144
141
126
136
128
108
114
97
98
89
86
80
94
76
73
71
68
56
58
37
42
42
36
26
37
46
6
34
18
28
23
39
43
20
10
25
39
38
39
44
45
44
52
67
76
61
58
78
79
80
101
103
95
112
110
109
128
145
143
145
135
155
173
155
190
193
184
184
205
183
196
209
213
201
204
202
212
215
205
215
211
226
230
213
236
196
208
223
197
209
196
197
190
176
186
176
177
172
183
156
165
154
140
137
134
99
114
111
107
107
95
87
83
70
90
78
46
50
43
44
43
51
38
34
13
13
41
24
40
30
28
22
25
34
35
30
37
39
38
58
51
61
39
58
63
76
76
87
66
74
113
107
85
112
255
